dim 28 18 38 

putBox 4 24 4 18 12 26 255 255 0 1
putBox 11 13 4 18 12 26 57.12 36.97 18.10 1
putBox 15 17 4 18 12 26 57.12 36.97 18.10 1
putBox 19 24 4 18 12 26 57.12 36.97 18.10 1 

putBox 9 11 2 4 14 16 0 0 0 1
putBox 13 15 2 4 14 16 0 0 0 1
putBox 17 19 2 4 14 16 0 0 0 1
putBox 9 11 2 4 22 24 0 0 0 1

putBox 13 15 2 4 22 24 0 0 0 1
putBox 17 19 2 4 22 24 0 0 0 1 
putBox 0 2 16 18 22 24 0 0 0 1
putBox 0 2 16 18 14 16 0 0 0 1

putBox 2 4 14 16 22 24 0 0 0 1
putBox 2 4 14 16 14 16 0 0 0 1
putBox 4 6 6 12 12 16 0 0 0 1
putBox 4 6 6 12 22 26 0 0 0 1

putBox 4 6 8 12 14 16 255 255 255 1
putBox 4 6 8 12 22 24 255 255 255 1
putBox 9 11 17 18 16 18 57.12 36.97 18.10 1 
putBox 9 11 17 18 20 22 57.12 36.97 18.10 1

putBox 7 9 17 18 14 16 57.12 36.97 18.10 1
putBox 7 9 17 18 22 24 57.12 36.97 18.10 1 
putBox 10 20 14 16 0 12 255 255 255 0.9
putBox 10 20 14 16 26 38 255 255 255 0.9

putBox 20 22 14 16 2 10 255 255 255 0.9
putBox 20 22 14 16 28 36 255 255 255 0.9 

cutBox 10 12 14 16 0 10 255 255 255 0.9 
cutBox 10 12 14 16 28 38 255 255 255 0.9 
cutBox 12 14 14 16 0 4 255 255 255 0.9 
cutBox 12 14 14 16 34 38 255 255 255 0.9 

cutBox 14 16 14 16 0 2 255 255 255 0.9 
cutBox 14 16 14 16 36 38 255 255 255 0.9 
cutBox 12 18 14 16 10 12 255 255 255 0.9 
cutBox 12 18 14 16 26 28 255 255 255 0.9 

cutBox 14 16 14 16 4 10 255 255 255 0.9 
cutBox 14 16 14 16 28 34 255 255 255 0.9 
cutBox 18 20 14 16 2 10 255 255 255 0.9 
cutBox 18 20 14 16 28 36 255 255 255 0.9 

putBox 12 18 14 16 10 12 255 255 255 0.1
putBox 12 18 14 16 26 28 255 255 255 0.1
putBox 14 16 14 16 4 10 255 255 255 0.1
putBox 14 16 14 16 28 34 255 255 255 0.1

putBox 18 20 14 16 2 10 255 255 255 0.1
putBox 18 20 14 16 28 36 255 255 255 0.1
putBox 24 27 9 11 18 20 0 0 0 1